1,Adrián Campos 🇪🇸
1,Alan Brown 🇬🇧
1,Alan Jones 🇦🇺
1,Andrea Montermini 🇮🇹
1,Alan Stacey 🇬🇧
1,Allan McNish 🇬🇧
1,André Lotterer 🇩🇪
1,Brian Redman 🇬🇧
1,Bob Anderson 🇬🇧
1,Bob Bondurant 🇺🇸
1,Danny Sullivan 🇺🇸
1,Enrique Bernoldi 🇧🇷
1,Claudio Langes 🇮🇹
1,Corrado Fabi 🇮🇹
1,Derek Bell 🇬🇧
1,Enrico Bertaggia 🇮🇹
1,Chris Irwin 🇬🇧
1,Charles de Tornaco 🇧🇪
1,Christijan Albers 🇳🇱
1,Consalvo Sanesi 🇮🇹
1,Chuck Daigh 🇺🇸
1,Chris Bristow 🇬🇧
1,Eliseo Salazar 🇨🇱
1,Emanuele Naspetti 🇮🇹
1,Zsolt Baumgartner 🇭🇺
1,Will Stevens 🇬🇧
1,Vic Wilson 🇬🇧
1,Toulo de Graffenried 🇨🇭
1,Tony Settember 🇺🇸
1,Tony Gaze 🇦🇺
1,Toni Branca 🇨🇭
1,Tiago Monteiro 🇵🇹
1,Taki Inoue 🇯🇵
1,Stuart Lewis-Evans 🇬🇧
1,Sergio Mantovani 🇮🇹
1,Sébastien Bourdais 🇫🇷
1,Ronnie Peterson 🇸🇪
1,Ronnie Bucknum 🇺🇸
1,Rolf Stommelen 🇩🇪
1,Roger Laurent 🇧🇪
1,Robin Montgomerie-Charrington 🇬🇧
1,Roberto Merhi 🇪🇸
1,Roberto Guerrero 🇨🇴
1,Robert O'Brien 🇺🇸
1,Robert Manzon 🇫🇷
1,Robert Doornbos 🇳🇱
1,Ricardo Rodríguez 🇲🇽
1,Raymond Sommer 🇫🇷
1,Raul Boesel 🇧🇷
1,Pierre-Henri Raphanel 🇫🇷
1,Piero Scotti 🇮🇹
1,Peter Revson 🇺🇸
1,Perry McCarthy 🇬🇧
1,Pedro Chaves 🇵🇹
1,Paul Belmondo 🇫🇷
1,Pascal Wehrlein 🇩🇪
1,Pascal Fabre 🇫🇷
1,Paolo Barilla 🇮🇹
1,Oscar Larrauri 🇦🇷
1,Niki Lauda 🇦🇹
1,Nelson Piquet Jr. 🇧🇷
1,Mike Taylor 🇬🇧
1,Mike Parkes 🇬🇧
1,Michael Andretti 🇺🇸
1,Mauro Baldi 🇮🇹
1,Massimiliano Papis 🇮🇹
1,Martin Donnelly 🇬🇧
1,Maria de Filippis 🇮🇹
1,Manfred Winkelhock 🇩🇪
1,Luigi Fagioli 🇮🇹
1,Luciano Burti 🇧🇷
1,Lucas di Grassi 🇧🇷
1,Louis Chiron 🇲🇨
1,Lance Reventlow 🇺🇸
1,Ken Wharton 🇬🇧
1,Karl Kling 🇩🇪
1,Julian Bailey 🇬🇧
1,Jolyon Palmer 🇬🇧
1,Johnny Dumfries 🇬🇧
1,Johnny Cecotto 🇻🇪
1,John Watson 🇬🇧
1,John Miles 🇬🇧
1,John Campbell-Jones 🇬🇧
1,Jim Hall 🇺🇸
1,Jérôme d'Ambrosio 🇧🇪
1,Jean-Pierre Jarier 🇫🇷
1,Jean-Marc Gounon 🇫🇷
1,Jean-Christophe Boullion 🇫🇷
1,Jan Magnussen 🇩🇰
1,Jacques Swaters 🇺🇸
1,Ignazio Giunti 🇮🇹
1,Horace Gould 🇬🇧
1,Henry Taylor 🇬🇧
1,Henri Pescarolo 🇫🇷
1,Heinz Schiller 🇨🇭
1,Gregor Foitek 🇨🇭
1,Giorgio Pantano 🇮🇹
1,Giedo van der Garde 🇳🇱
1,Gianmaria Bruni 🇮🇹
1,Gerry Ashmore 🇬🇧
1,Georges Berger 🇧🇪
1,Geoff Crossley 🇬🇧
1,Gastón Mazzacane 🇦🇷
1,Fred Wacker 🇺🇸
1,Frank Gardner 🇦🇺
1,Fabrizio Barbazza 🇮🇹
1,Eugène Chaboud 🇫🇷
1,Esteban Tuero 🇦🇷
1,Esteban Ocon 🇫🇷
1,Eric Brandon 🇬🇧
10,Thierry Boutsen 🇧🇪
10,Sebastian Vettel 🇩🇪
10,Andrea de Cesaris 🇮🇹
10,Riccardo Patrese 🇮🇹
10,Nico Rosberg 🇩🇪
10,Mika Häkkinen 🇫🇮
10,Mark Webber 🇦🇺
10,Lewis Hamilton 🇬🇧
10,Jo Bonnier 🇸🇪
11,Giancarlo Fisichella 🇮🇹
11,Michele Alboreto 🇮🇹
11,Martin Brundle 🇬🇧
11,Johnny Herbert 🇬🇧
11,Jack Brabham 🇦🇺
11,Graham Hill 🇬🇧
12,Felipe Massa 🇧🇷
12,Kimi Räikkönen 🇫🇮
12,Jean Alesi 🇫🇷
13,David Coulthard 🇬🇧
13,Jarno Trulli 🇮🇹
13,Gerhard Berger 🇦🇹
13,Fernando Alonso 🇪🇸
15,Jenson Button 🇬🇧
16,Michael Schumacher 🇩🇪
17,Rubens Barrichello 🇧🇷
2,Shinji Nakano 🇯🇵
2,Yves Cabantous 🇫🇷
2,Wolfgang von Trips 🇩🇪
2,Wolfgang Seidel 🇩🇪
2,Toranosuke Takagi 🇯🇵
2,Tony Marsh 🇬🇧
2,Tony Maggs 🇿🇦
2,Tarso Marques 🇧🇷
2,Anthony Davidson 🇬🇧
2,Antônio Pizzonia 🇧🇷
2,Arthur Legat 🇧🇪
2,Bernd Schneider 🇩🇪
2,Bruno Giacomelli 🇮🇹
2,Carlos Sainz 🇪🇸
2,Charles Pic 🇫🇷
2,Christian Klien 🇦🇹
2,Cliff Allison 🇬🇧
2,David Brabham 🇦🇺
2,Elio de Angelis 🇮🇹
2,Eric van de Poele 🇧🇪
2,Eugenio Castellotti 🇮🇹
2,Felipe Nasr 🇧🇷
2,Giovanni Lavaggi 🇮🇹
2,Guy Ligier 🇫🇷
2,Huub Rothengatter 🇳🇱
2,Ian Burgess 🇬🇧
2,Jackie Lewis 🇬🇧
2,Jackie Oliver 🇬🇧
2,Jacky Ickx 🇧🇪
2,Jean-Pierre Beltoise 🇫🇷
2,Jules Bianchi 🇫🇷
2,Karl Wendlinger 🇦🇹
2,Kazuki Nakajima 🇯🇵
2,Kevin Magnussen 🇩🇰
2,Lance Macklin 🇬🇧
2,Ludovico Scarfiotti 🇮🇹
2,Luigi Musso 🇮🇹
2,Luis Pérez-Sala 🇪🇸
2,Marc Gené 🇪🇸
2,Max Chilton 🇬🇧
2,Max Verstappen 🇳🇱
2,Narain Karthikeyan 🇮🇳
2,Onofre Marimón 🇦🇷
2,Paco Godia 🇪🇸
2,Pedro Lamy 🇵🇹
2,Philippe Étancelin 🇫🇷
2,Pierre Levegh 🇫🇷
2,Piers Courage 🇬🇧
2,Prince Bira 🇹🇭
2,Ricardo Rosset 🇧🇷
2,Richard Attwood 🇬🇧
2,Roberto Mieres 🇦🇷
2,Roy Salvadori 🇬🇧
2,Sakon Yamamoto 🇯🇵
2,Cesare Perdisa 🇮🇹
3,Ricardo Zonta 🇧🇷
3,Yannick Dalmas 🇫🇷
3,Vitantonio Liuzzi 🇮🇹
3,Vitaly Petrov 🇷🇺
3,Trevor Taylor 🇬🇧
3,Tony Brooks 🇬🇧
3,Teo Fabi 🇮🇹
3,Sébastien Buemi 🇨🇭
3,Piero Taruffi 🇮🇹
3,Peter Arundell 🇬🇧
3,Pedro Rodríguez 🇲🇽
3,Paul di Resta 🇬🇧
3,Patrick Tambay 🇫🇷
3,Olivier Gendebien 🇧🇪
3,Mike Spence 🇬🇧
3,Jaime Alguersuari 🇪🇸
3,Giancarlo Baghetti 🇮🇹
3,Denny Hulme 🇳🇿
3,Jean-Éric Vergne 🇫🇷
3,Emanuele Pirro 🇮🇹
3,Marcus Ericsson 🇸🇪
3,Alessandro Zanardi 🇮🇹
3,Jacques Laffite 🇫🇷
3,Bruno Senna 🇧🇷
3,Marc Surer 🇨🇭
3,Éric Bernard 🇫🇷
3,Jyrki Järvilehto 🇫🇮
3,Christian Fittipaldi 🇧🇷
3,Daniil Kvyat 🇷🇺
3,Keke Rosberg 🇫🇮
3,Carel Godin de Beaufort 🇳🇱
3,José Froilán González 🇦🇷
3,Kamui Kobayashi 🇯🇵
3,Esteban Gutiérrez 🇲🇽
4,Philippe Streiff 🇫🇷
4,Masten Gregory 🇺🇸
4,Peter Collins 🇬🇧
4,Nicola Larini 🇮🇹
4,Robert Kubica 🇵🇱
4,Olivier Grouillard 🇫🇷
4,Luigi Villoresi 🇮🇹
4,Takuma Sato 🇯🇵
4,Mark Blundell 🇬🇧
4,Valtteri Bottas 🇫🇮
4,Alberto Ascari 🇮🇹
4,Willy Mairesse 🇧🇪
4,Luca Badoer 🇮🇹
4,Gianni Morbidelli 🇮🇹
4,Érik Comas 🇫🇷
4,Bertrand Gachot 🇧🇪
4,Harry Schell 🇺🇸
4,Christian Danner 🇩🇪
4,Jonathan Palmer 🇬🇧
4,Juan Pablo Montoya 🇨🇴
4,Alexander Wurz 🇦🇹
5,Aguri Suzuki 🇯🇵
5,Alessandro Nannini 🇮🇹
5,Alex Caffi 🇮🇹
5,Chris Amon 🇳🇿
5,Eddie Cheever 🇺🇸
5,Gabriele Tarquini 🇮🇹
5,Jochen Rindt 🇦🇹
5,Johnny Claes 🇧🇪
5,Lorenzo Bandini 🇮🇹
5,Maurício Gugelmin 🇧🇷
5,Mike Hawthorn 🇬🇧
5,Pastor Maldonado 🇻🇪
5,Paul Frère 🇧🇪
5,Jackie Stewart 🇬🇧
5,Phil Hill 🇺🇸
5,René Arnoux 🇫🇷
5,Roberto Moreno 🇧🇷
5,André Pilette 🇧🇪
5,Satoru Nakajima 🇯🇵
5,Stefano Modena 🇮🇹
5,Timo Glock 🇩🇪
5,Stefan Johansson 🇸🇪
6,Ukyo Katayama 🇯🇵
6,Daniel Ricciardo 🇦🇺
6,Heikki Kovalainen 🇫🇮
6,Innes Ireland 🇬🇧
6,Jos Verstappen 🇳🇱
6,Louis Rosier 🇫🇷
6,Lucien Bianchi 🇧🇪
6,Nico Hülkenberg 🇩🇪
6,Nino Farina 🇮🇹
6,Pedro de la Rosa 🇪🇸
6,Pedro Diniz 🇧🇷
6,Ivan Capelli 🇮🇹
6,Piercarlo Ghinzani 🇮🇹
6,Richie Ginther 🇺🇸
6,Romain Grosjean 🇫🇷
6,Sergio Pérez 🇲🇽
7,Damon Hill 🇬🇧
7,Derek Warwick 🇬🇧
7,Jean Behra 🇫🇷
7,Juan Fangio 🇦🇷
7,Maurice Trintignant 🇫🇷
7,Mika Salo 🇫🇮
7,Nick Heidfeld 🇩🇪
7,Adrian Sutil 🇩🇪
7,Philippe Alliot 🇫🇷
8,Bruce McLaren 🇳🇿
8,Dan Gurney 🇺🇸
8,Heinz-Harald Frentzen 🇩🇪
8,Jacques Villeneuve 🇨🇦
8,Jim Clark 🇬🇧
8,Jo Siffert 🇨🇭
8,John Surtees 🇬🇧
8,Nelson Piquet 🇧🇷
8,Nigel Mansell 🇬🇧
8,Olivier Panis 🇫🇷
8,Pierluigi Martini 🇮🇹
8,Ralf Schumacher 🇩🇪
8,Stirling Moss 🇬🇧
9,Alain Prost 🇫🇷
9,Ayrton Senna 🇧🇷
9,Eddie Irvine 🇬🇧